201311010110
201311010111
201311010112
201311010113
201311010114
201311010115
201311010117
201311010118
201311010119
201311010120
201311010121
201311010122
201311010123
201311010124
201311010126
201311010127
201311010128
201311010129
201311010130
201311010131
201311010132
201311010133
201311010134
201311010135
201311010136
201311020106
201311020107
201311020109
201311020110
201311020112
201311020113
201311020114
201311020115
201311020117
201311020118
201311020119
201311020120
201311020121
201311020122
201311020123
201311020124
201311020126
201311020127
201311020128
201311020129
201311020130
201311020131
201311020132
201311020133
201311020134
201311030115
201311030116
201311030117
201311030118
201311030119
201311030120
201311030121
201311030122
201311030123
201311030124
201311030125
201311030126
201311030127
201311030128
201311030129
201311030130
201311030131
201311030132
201311030133
201311030134
201311030135
201311030136
201311030137
201311010116
201311080107
201311080108
201311080109
201311080110
201311080111
201311080113
201311080114
201311080115
201311080116
201311080117
201311080118
201311080119
201311080120
201311080121
201311080122
201311080123
201311080124
201311080125
201311080126
201311080127
201311080128
201311080130
201311080131
201311080132
201311080133
201311080134
201311080136
201312010127
201312010128
201312010129
201312010130
201312010131
201312020123
201312020124
201312020125
201312020126
201312020127
201312020128
201312020129
201312020130
201312020131
201312030132
201312030134
201312030135
201312030233
201312030234
201213010219
201313010106
201313010107
201313010109
201313010110
201313010111
201313010112
201313010113
201313010115
201313010116
201313010117
201313010119
201313010120
201313010121
201313010122
201313010204
201313010205
201313010206
201313010207
201313010208
201313010209
201313010210
201313010211
201313010212
201313010213
201313010214
201313010215
201313010216
201313010217
201313010219
201313010220
201313010221
201313020104
201313020105
201313020106
201313020107
201313020108
201313020109
201313020110
201313020111
201313020112
201313020113
201313020114
201313020115
201313020116
201313020117
201313020118
201313020119
201313020120
201313020121
201313020122
201313020123
201314010119
201314010120
201314010121
201314010122
201323010117
201323010118
201323010119
201323010120
201323010121
201323010122
201323010123
201323010124
201323010125
201323010127
201323010128
201323010129
201323010130
201323010131
201323010132
201323010133
201323010134
201323010135
201323010136
201327020428
201331050132
201323010216
201323010217
201323010218
201323010219
201323010220
201323010221
201323010222
201323010223
201323010224
201323010225
201323010226
201323010227
201323010228
201323010229
201323010230
201323010231
201323010232
201323010233
201323010234
201323010235
201323010236
201323040124
201323070227
201329040127
201323010323
201323010325
201323010326
201323010327
201323010328
201323010329
201323010330
201223020109
201323020120
201323020121
201323020122
201323020123
201323020124
201323020125
201323020126
201323020127
201323020128
201323020129
201323020130
201323020131
201311020108
201311020116
201311080129
201311080135
201313010108
201313010114
201323030110
201323030111
201323030112
201323030113
201323030114
201323030115
201323030116
201323030117
201323030118
201323030119
201323030120
201323030121
201323030122
201323030123
201323030124
201323030125
201323030126
201323030127
201323030128
201323030129
201323030130
201323030131
201323030132
201323030133
201323030134
201323030135
201323030136
201333060131
201311010125
201311020111
201311020125
201313010118
201323030210
201323030211
201323030212
201323030213
201323030214
201323030215
201323030216
201323030217
201323030218
201323030219
201323030220
201323030221
201323030222
201323030223
201323030224
201323030225
201323030226
201323030227
201323030228
201323030229
201323030230
201323030231
201323030232
201323030233
201323030234
201323030235
201323030236
201333060105
201333060113
201333060122
201223030105
201323030309
201323030310
201323030311
201323030312
201323030313
201323030314
201323030315
201323030316
201323030317
201323030318
201323030319
201323030320
201323030321
201323030322
201323030323
201323030324
201323030325
201323030326
201323030327
201323030328
201323030329
201323030330
201323030331
201323030332
201323030333
201323030334
201323070124
201327010331
201327060132
201331020435
201322040119
201323030408
201323030409
201323030410
201323030411
201323030412
201323030413
201323030414
201323030415
201323030416
201323030417
201323030418
201323030420
201323030421
201323030422
201323030423
201323030424
201323030425
201323030426
201323030427
201323030429
201323030430
201323030431
201323030432
201323030433
201323040136
201327070132
201331020429
201323040118
201323040119
201323040120
201323040121
201323040122
201323040123
201323040125
201323040126
201323040127
201323040128
201323040129
201323040130
201323040131
201323040132
201323040133
201323040134
201323040135
201323060120
201323060121
201323060122
201323060123
201323060124
201323060125
201323060126
201323060127
201323060128
201323060129
201323060130
201323060131
201323060132
201323060133
201323060134
201323060135
201323070115
201323070116
201323070117
201323070118
201323070119
201323070120
201323070121
201323070122
201323070123
201323070125
201323070126
201323070127
201323070128
201323070129
201323070130
201323070131
201323070132
201323070133
201323070134
201323070135
201323070214
201323070215
201323070216
201323070217
201323070218
201323070219
201323070221
201323070222
201323070223
201323070224
201323070225
201323070228
201323070229
201323070231
201323070232
201323070233
201323070234
201323080113
201323080114
201323080116
201323080118
201323080119
201323080120
201323080121
201323080122
201323080123
201323080124
201323080125
201323080126
201323080127
201323080128
201323080129
201323080130
201323080131
201323080132
201331020335
201323080203
201323080204
201323080207
201323080208
201323080209
201323080211
201323090114
201323090115
201323090116
201323090117
201323090118
201323090119
201323090120
201323090121
201323090122
201323090123
201323090124
201323090125
201323090126
201323090127
201323090128
201323090129
201323090130
201323090131
201323090132
201323090133
201323090134
201323090135
201323090136
201323090137
201331050133
201324020121
201324020122
201324020123
201324020124
201324020125
201324020126
201324020127
201324020128
201324020221
201324020222
201324020223
201324020224
201324020225
201324020226
201324020227
201324020228
201324020325
201324020326
201324020327
201324020328
201324020329
201324020330
201324020331
201324020332
201324020333
201324020334
201324020335
201324020336
201324020425
201324020426
201324020427
201324020428
201324020429
201324020430
201324020431
201324020432
201324020433
201324020434
201324020435
201324030124
201324030125
201324030126
201324030127
201324030128
201324030129
201324030130
201324030223
201324030224
201324030225
201324030226
201324030227
201324030228
201324030229
201324040125
201324040126
201324040127
201324040128
201324040129
201324040130
201324040131
201324040132
201324040133
201324040134
201324040135
201324040136
201324040225
201324040226
201324040227
201324040228
201324040229
201324040230
201324040232
201324040234
201324040235
201324060130
201324060131
201324060132
201324060133
201324060134
201324060135
201324060229
201324060230
201324060231
201324060232
201324060233
201324060234
201324060235
201324070134
201324070135
201324070136
201324080121
201324080122
201324080124
201324080125
201324080126
201324080127
201324080128
201324080129
201324080130
201324080220
201324080221
201324080222
201324080223
201324080224
201324080225
201324080226
201324080227
201324080228
201324080229
201324090121
201324090122
201324090123
201324090124
201324090125
201324090126
201324090127
201324090128
201324090129
201324090130
201324090131
201227010206
201327010128
201327010129
201327010130
201327010131
201327010132
201327010133
201327010134
201327010229
201327010231
201327010233
201327010234
201327020434
201327010328
201327010329
201327010330
201327010333
201327020129
201327020130
201327020131
201327020132
201327020133
201327020134
201327020427
201327020229
201327020230
201327020231
201327020232
201327020233
201327020234
201327020329
201327020330
201327020331
201327020332
201327020333
201326020236
201327020432
201327020529
201327020530
201327060133
201327060134
201327060135
201327060233
201327060234
201327070122
201327070123
201327070124
201327070125
201327070126
201327070127
201327070128
201327070129
201327070130
201327070131
201327070133
201327070134
201327080118
201327080119
201327080120
201327080121
201327080122
201327080124
201327080125
201327080126
201327080127
201327080128
201327080129
201327080130
201327080131
201227080111
201327090114
201327090116
201327090117
201327090119
201327090120
201327090121
201327090122
201327090123
201327090124
201327090125
201327090126
201327090127
201329010116
201329010117
201329010118
201329010119
201329010120
201329010121
201329010124
201329010125
201329010126
201329010127
201329010128
201329010129
201329010130
201329010131
201329010218
201329010219
201329010221
201329010222
201329010223
201329010225
201329010226
201329010227
201329010228
201329010229
201329010216
201329020119
201329020120
201329020121
201329020122
201329020123
201329020124
201329020125
201329020126
201329020127
201329020128
201329020129
201329020130
201329020131
201329020132
201329020133
201329020134
201329020135
201329020136
201329060126
201329010123
201329020218
201329020219
201329020220
201329020221
201329020222
201329020223
201329020224
201329020225
201329020226
201329020227
201329020228
201329020229
201329020230
201329020231
201329020232
201329020233
201329020235
201329020325
201329020327
201329020328
201329020329
201329020330
201329010224
201329030123
201329030124
201329030125
201329030126
201329030127
201329030128
201329030129
201329030130
201329030131
201329030222
201329030223
201329030224
201329030225
201329030226
201329030227
201329030228
201329030229
201329030230
201329080120
201329080221
201329040117
201329040118
201329040119
201329040120
201329040121
201329040122
201329040123
201329040124
201329040125
201329040126
201329040128
201329040216
201329040217
201329040218
201329040219
201329040220
201329040221
201329040222
201329040223
201329040224
201329040225
201329040227
201329040228
201329060127
201329060129
201329060130
201329060131
201329060132
201329060133
201329060134
201329060135
201329060136
201329060137
201329080121
201329080122
201329080123
201329080124
201329080125
201329080126
201329080127
201329080128
201329080129
201329080130
201329080131
201329080132
201329080222
201329080223
201329080224
201329080225
201329080226
201329080227
201329080228
201329080229
201329080230
201329080231
201329090127
201329090128
201329090129
201329090130
201331020132
201331020133
201331020134
201331020135
201331020137
201331020138
201331020139
201331020229
201331020230
201331020231
201331020233
201331020234
201331020235
201331020236
201331020237
201331020238
201331020329
201331020330
201331020332
201331020333
201331020334
201331020336
201331020337
201331020338
201331020428
201331020430
201331020431
201331020433
201331020434
201331020436
201331020437
201331020438
201331050128
201331050129
201331050131
201331050134
201331050135
201331050227
201331050228
201331050230
201331050231
201331050232
201331050233
201331050234
201331050235
201331050333
201331050334
201331050337
201331050338
201331050339
201331050340
201331050341
201231050307
201331050432
201331050433
201331050434
201331050435
201331050436
201331050437
201331050438
201331050439
201331050440
201331050526
201331050527
201331050528
201331050529
201331050530
201331050531
201331050532
201331050533
201331050534
201331050535
201331050536
201331060130
201331060131
201331060133
201331060134
201331060135
201331060136
201331060137
201331060138
201331060139
201332010128
201332010129
201332010130
201332010131
201332010132
201332010133
201332010134
201332010135
201332010228
201332010229
201332010230
201332010231
201332010232
201332010233
201332010234
201332010331
201332010332
201332010333
201332010334
201332010335
201332010336
201332010431
201332010432
201332010433
201332010434
201332010525
201332010526
201332010527
201332010528
201332010529
201332010530
201332010531
201332010532
201332010533
201332010628
201332010629
201332010630
201324080123
201329040226
201332040126
201332040127
201332040128
201332040129
201332040130
201332040131
201332040132
201332040133
201332040134
201332040135
201332040136
201332040226
201332040227
201332040228
201332040229
201332040230
201332040231
201332040232
201332040233
201332040234
201332040235
201332060129
201332050124
201332050125
201332050128
201332050129
201332050130
201332050131
201332050224
201332050225
201332050226
201332050227
201332050229
201332050230
201332050231
201332060126
201332060127
201332060128
201332060130
201332060131
201332060132
201332060133
201332060134
201332060135
201232060105
201332060227
201332060228
201332060229
201332060230
201332060231
201332060232
201332060233
201332060234
201332060235
201333040111
201333040112
201333040113
201333040114
201333040115
201333040116
201333040118
201333040119
201333040120
201333040121
201333040122
201333040124
201333040125
201333040126
201333040127
201333040128
201333040129
201333040130
201333040132
201333040133
201333040134
201333040135
201333040136
201333050105
201333050106
201333050107
201333050109
201333050110
201333050111
201333050112
201333050113
201333050114
201333050115
201333050116
201333050117
201333050118
201333050119
201333050120
201333050121
201333050122
201333050123
201333050124
201333050125
201333050126
201333050127
201333050128
201333050129
201333050130
201333050131
201333050132
201333050133
201333050134
201333050135
201333050136
201333050137
201333040117
201333060104
201333060106
201333060107
201333060108
201333060109
201333060110
201333060111
201333060112
201333060114
201333060115
201333060116
201333060117
201333060118
201333060119
201333060120
201333060121
201333060123
201333060124
201333060125
201333060126
201333060127
201333060128
201333060129
201333060130
201333060132
201333060133
201333060134
201333060135
201333060136
201333070109
201333070110
201333070111
201333070112
201333070113
201333070114
201333070115
201333070116
201333070117
201333070118
201333070119
201333070120
201333070121
201333070122
201333070123
201333070124
201333070125
201333070126
201333070127
201333070128
201333070129
201333070130
201333070131
201333080107
201333080108
201333080109
201333080110
201333080111
201333080112
201333080113
201333080114
201333080115
201333080116
201333080117
201333080118
201333080119
201341010115
201341010116
201341010117
201341010118
201341010119
201341010120
201341010121
201341010122
201341010123
201341010124
201341010125
201341010126
201341010127
201341010128
201341010129
201341010215
201341010216
201341010217
201341010218
201341010219
201341010220
201341010221
201341010222
201341010223
201341010224
201341010225
201341010226
201341010227
201341010228
201341010229
201341010230
201241010307
201341010314
201341010315
201341010316
201341010317
201341010318
201341010319
201341010320
201341010321
201341010322
201341010323
201341010324
201341010325
201341010326
201341010327
201341010328
201326040226
201341010414
201341010415
201341010416
201341010417
201341010418
201341010419
201341010420
201341010421
201341010422
201341010423
201341010424
201341010425
201341010426
201341010427
201341010428
201341010429
201341020115
201341020116
201341020117
201341020118
201341020119
201341020120
201341020121
201341020122
201341020123
201341020124
201341020125
201341020126
201341020127
201341020128
201341020129
201341020130
201341020214
201341020215
201341020216
201341020217
201341020218
201341020219
201341020220
201341020221
201341020222
201341020223
201341020224
201341020225
201341020226
201341020227
201341020228
201341020229
201341030114
201341030115
201341030116
201341030117
201341030118
201341030119
201341030120
201341030121
201341030122
201341030123
201341030124
201341030125
201341030126
201341030127
201341030128
201341030129
201341030130
201341030131
201341030213
201341030214
201341030215
201341030216
201341030217
201341030218
201341030219
201341030220
201341030221
201341030222
201341030223
201341030224
201341030225
201341030226
201341030227
201341030228
201341030229
201341030230
201311010101
201311010102
201311010103
201311010104
201311010105
201311010106
201311010107
201311010108
201311010109
201311020101
201311020102
201311020103
201311020104
201311020105
201211030130
201311030101
201311030102
201311030103
201311030104
201311030105
201311030106
201311030107
201311030109
201311030110
201311030111
201311030112
201311030113
201311030114
201311080101
201311080102
201311080103
201311080104
201311080105
201311080106
201312010101
201312010102
201312010103
201312010104
201312010106
201312010107
201312010108
201312010109
201312010110
201312010111
201312010112
201312010113
201312010114
201312010115
201312010116
201312010117
201312010118
201312010119
201312010120
201312010121
201312010122
201312010123
201312010124
201312010125
201312020101
201312020102
201312020105
201312020106
201312020107
201312020108
201312020111
201312020112
201312020114
201312020116
201312020117
201312020118
201312020119
201312020120
201312020121
201312020122
201312020104
201312030101
201312030102
201312030103
201312030104
201312030106
201312030107
201312030109
201312030110
201312030111
201312030112
201312030114
201312030115
201312030116
201312030117
201312030118
201312030119
201312030120
201312030121
201312030122
201312030123
201312030124
201312030125
201312030126
201312030127
201312030128
201312030129
201312030131
201212030123
201312030201
201312030202
201312030203
201312030204
201312030205
201312030206
201312030207
201312030208
201312030209
201312030210
201312030211
201312030212
201312030213
201312030214
201312030215
201312030216
201312030217
201312030218
201312030219
201312030220
201312030221
201312030223
201312030224
201312030225
201312030226
201312030227
201312030228
201312030229
201312030230
201312030231
201313010101
201313010102
201313010103
201313010104
201313010201
201313010203
201313020101
201313020102
201313020103
201314010101
201314010102
201314010103
201314010104
201314010105
201314010106
201314010107
201314010108
201314010109
201314010110
201314010111
201314010112
201314010113
201314010114
201314010116
201314010117
201314010118
201323010101
201323010102
201323010103
201323010104
201323010105
201323010106
201323010107
201323010108
201323010109
201323010110
201323010111
201323010112
201323010113
201323010114
201323010115
201323010116
201327060213
201323010201
201323010202
201323010203
201323010204
201323010205
201323010206
201323010207
201323010208
201323010209
201323010210
201323010211
201323010212
201323010213
201323010214
201323010215
201323010301
201323010302
201323010303
201323010304
201323010305
201323010306
201323010307
201323010308
201323010309
201323010310
201323010311
201323010312
201323010313
201323010314
201323010315
201323010316
201323010317
201323010318
201323010319
201323010320
201323010321
201323010322
201223020123
201323020101
201323020102
201323020103
201323020104
201323020105
201323020106
201323020107
201323020108
201323020109
201323020110
201323020111
201323020112
201323020114
201323020115
201323020116
201323020117
201323020132
201323030101
201323030102
201323030103
201323030104
201323030105
201323030106
201323030107
201323030108
201323030109
201323030201
201323030202
201323030203
201323030204
201323030205
201323030206
201323030207
201323030208
201323030209
201321050301
201323030302
201323030303
201323030304
201323030305
201323030306
201323030307
201323030308
201312020110
201323020113
201323030401
201323030402
201323030403
201323030404
201323030405
201323030406
201323030407
201323080107
201223040127
201323040101
201323040102
201323040103
201323040104
201323040105
201323040106
201323040107
201323040108
201323040109
201323040110
201323040111
201323040112
201323040113
201323040114
201323040115
201323040116
201323040117
201223050127
201223050128
201323060101
201323060103
201323060104
201323060106
201323060107
201323060108
201323060109
201323060110
201323060111
201323060112
201323060113
201323060114
201323060115
201323060116
201323060117
201323060118
201323060119
201323070101
201323070102
201323070105
201323070106
201323070107
201323070108
201323070109
201323070110
201323070111
201323070112
201323070114
201323070201
201323070202
201323070203
201323070204
201323070205
201323070206
201323070207
201323070208
201323070209
201323070210
201323070211
201323070212
201323070213
201312010126
201323080101
201323080102
201323080103
201323080104
201323080105
201323080106
201323080108
201323080109
201323080110
201323080111
201323080112
201323080201
201323080202
201323080205
201323080206
201323080210
201323080212
201323080213
201323090101
201323090102
201323090103
201323090104
201323090105
201323090106
201323090107
201323090108
201323090109
201323090110
201323090111
201323090112
201323090113
201224020219
201324020101
201324020102
201324020103
201324020104
201324020105
201324020106
201324020107
201324020108
201324020109
201324020110
201324020111
201324020112
201324020113
201324020115
201324020116
201324020117
201324020118
201324020119
201324020120
201324020129
201124020116
201324020201
201324020202
201324020203
201324020205
201324020206
201324020207
201324020208
201324020209
201324020210
201324020211
201324020212
201324020213
201324020214
201324020216
201324020217
201324020218
201324020219
201324020220
201324020301
201324020302
201324020303
201324020304
201324020305
201324020306
201324020307
201324020308
201324020310
201324020311
201324020312
201324020313
201324020314
201324020315
201324020316
201324020317
201324020318
201324020319
201324020320
201324020321
201324020322
201324020323
201324020324
201224020420
201324020401
201324020402
201324020403
201324020404
201324020405
201324020406
201324020407
201324020408
201324020410
201324020411
201324020412
201324020413
201324020414
201324020415
201324020416
201324020417
201324020418
201324020419
201324020420
201324020421
201324020422
201324020423
201324020424
201124030141
201324030101
201324030102
201324030103
201324030104
201324030105
201324030106
201324030107
201324030108
201324030109
201324030110
201324030111
201324030112
201324030113
201324030114
201324030115
201324030116
201324030117
201324030118
201324030119
201324030120
201324030121
201324030122
201324030123
201324030201
201324030202
201324030204
201324030205
201324030206
201324030207
201324030208
201324030209
201324030210
201324030211
201324030212
201324030213
201324030214
201324030215
201324030216
201324030217
201324030218
201324030219
201324030220
201324030221
201324030222
201331020307
201224040234
201324040101
201324040102
201324040103
201324040104
201324040105
201324040106
201324040107
201324040108
201324040109
201324040110
201324040111
201324040112
201324040113
201324040114
201324040115
201324040116
201324040117
201324040118
201324040119
201324040120
201324040121
201324040122
201324040123
201324040137
201324040201
201324040202
201324040203
201324040204
201324040205
201324040206
201324040207
201324040208
201324040209
201324040210
201324040211
201324040212
201324040213
201324040214
201324040215
201324040216
201324040217
201324040218
201324040219
201324040220
201324040221
201324040222
201324040223
201324040224
201324040236
201325040725
201325040730
201325050323
201326020127
201326070210
201224060110
201324030203
201324060101
201324060102
201324060103
201324060104
201324060105
201324060106
201324060107
201324060108
201324060110
201324060112
201324060113
201324060114
201324060115
201324060116
201324060117
201324060118
201324060119
201324060120
201324060121
201324060122
201324060123
201324060124
201324060125
201324060126
201324060127
201324060128
201324060129
201324060136
201324060201
201324060202
201324060203
201324060204
201324060205
201324060206
201324060207
201324060208
201324060209
201324060210
201324060211
201324060212
201324060213
201324060214
201324060215
201324060216
201324060217
201324060218
201324060219
201324060220
201324060221
201324060222
201324060223
201324060224
201324060225
201324060226
201324060227
201324060228
201324060236
201224070111
201324070101
201324070102
201324070103
201324070104
201324070105
201324070106
201324070107
201324070108
201324070109
201324070110
201324070111
201324070112
201324070113
201324070114
201324070115
201324070116
201324070117
201324070118
201324070119
201324070120
201324070121
201324070122
201324070123
201324070124
201324070125
201324070126
201324070127
201324070128
201324070129
201324070130
201324070131
201324070132
201324070133
201324080208
201324080209
201326060114
201332050110
201324080101
201324080103
201324080104
201324080107
201324080108
201324080109
201324080110
201324080111
201324080112
201324080113
201324080114
201324080115
201324080116
201324080117
201324080118
201324080119
201324080120
201224080214
201324080201
201324080202
201324080203
201324080204
201324080205
201324080206
201324080207
201324080210
201324080211
201324080212
201324080213
201324080214
201324080215
201324080216
201324080217
201324080218
201324080219
201324090101
201324090102
201324090103
201324090104
201324090105
201324090106
201324090107
201324090108
201324090109
201324090110
201324090111
201324090112
201324090113
201324090114
201324090115
201324090116
201324090117
201324090118
201324090119
201324090120
201327010101
201327010102
201327010103
201327010105
201327010106
201327010107
201327010109
201327010110
201327010112
201327010113
201327010114
201327010115
201327010116
201327010117
201327010118
201327010119
201327010120
201327010121
201327010122
201327010123
201327010124
201327010125
201327010126
201327010127
201227010316
201327010203
201327010204
201327010205
201327010207
201327010212
201327010214
201327010215
201327010216
201327010217
201327010218
201327010219
201327010220
201327010221
201327010222
201327010223
201327010224
201327010225
201327010227
201327060104
201327070106
201327010301
201327010302
201327010303
201327010304
201327010305
201327010306
201327010307
201327010308
201327010309
201327010310
201327010311
201327010312
201327010313
201327010314
201327010315
201327010316
201327010317
201327010319
201327010321
201327010322
201327010323
201327010324
201327010325
201327010326
201327010327
201327010334
201327060103
201327020101
201327020103
201327020104
201327020105
201327020106
201327020107
201327020109
201327020110
201327020111
201327020112
201327020113
201327020114
201327020115
201327020118
201327020120
201327020121
201327020122
201327020123
201327020125
201327020126
201327020127
201327020128
201327060110
201227020229
201327020203
201327020204
201327020205
201327020206
201327020208
201327020210
201327020211
201327020213
201327020214
201327020215
201327020216
201327020217
201327020218
201327020219
201327020220
201327020222
201327020224
201327020225
201327020226
201327020227
201327020228
201327060112
201327020302
201327020303
201327020304
201327020305
201327020306
201327020307
201327020308
201327020309
201327020310
201327020315
201327020316
201327020317
201327020318
201327020319
201327020321
201327020322
201327020323
201327020324
201327020325
201327020326
201327020327
201327020328
201327060129
201227020435
201327020402
201327020403
201327020404
201327020405
201327020406
201327020407
201327020408
201327020409
201327020410
201327020411
201327020412
201327020413
201327020414
201327020415
201327020416
201327020417
201327020418
201327020419
201327020420
201327020421
201327020422
201327020423
201327020425
201327020426
201327020429
201327020430
201327020431
201327020433
201327020501
201327020502
201327020503
201327020504
201327020505
201327020506
201327020507
201327020508
201327020509
201327020511
201327020512
201327020513
201327020515
201327020516
201327020517
201327020518
201327020519
201327020520
201327020521
201327020522
201327020523
201327020524
201327020525
201327020526
201327020527
201327020528
201227060222
201327060101
201327060102
201327060105
201327060106
201327060111
201327060113
201327060114
201327060115
201327060116
201327060117
201327060118
201327060119
201327060120
201327060121
201327060122
201327060124
201327060125
201327060126
201327060127
201327060128
201327060130
201327060131
201327060201
201327060202
201327060203
201327060204
201327060205
201327060206
201327060207
201327060208
201327060209
201327060211
201327060212
201327060214
201327060215
201327060216
201327060217
201327060218
201327060220
201327060221
201327060222
201327060223
201327060224
201327060225
201327060226
201327060227
201327060228
201327060230
201327070101
201327070102
201327070103
201327070105
201327070107
201327070108
201327070109
201327070111
201327070113
201327070114
201327070116
201327070117
201327070118
201327070119
201327070120
201327070121
201327010211
201327080101
201327080102
201327080103
201327080104
201327080105
201327080106
201327080107
201327080108
201327080110
201327080111
201327080112
201327080113
201327080114
201327080115
201327080116
201327080117
201327090101
201327090102
201327090103
201327090104
201327090105
201327090108
201327090109
201327090110
201327090111
201327090113
201329010101
201329010102
201329010103
201329010104
201329010105
201329010108
201329010109
201329010110
201329010112
201329010113
201329010114
201329010115
201329010201
201329010202
201329010204
201329010206
201329010207
201329010208
201329010209
201329010211
201329010212
201329010213
201329010214
201329010215
201329020101
201329020102
201329020103
201329020104
201329020105
201329020106
201329020107
201329020108
201329020109
201329020110
201329020111
201329020112
201329020113
201329020114
201329020115
201329020116
201329020117
201329020118
201329060102
201329020201
201329020202
201329020203
201329020204
201329020205
201329020206
201329020207
201329020208
201329020209
201329020210
201329020211
201329020212
201329020213
201329020214
201329020215
201329020216
201329020217
201329020236
201329080205
201329020301
201329020302
201329020303
201329020304
201329020305
201329020306
201329020307
201329020308
201329020309
201329020310
201329020311
201329020312
201329020313
201329020314
201329020315
201329020317
201329020318
201329020319
201329020320
201329020321
201329020322
201329020323
201329020324
201129030215
201329010210
201329030101
201329030102
201329030103
201329030105
201329030106
201329030107
201329030109
201329030110
201329030111
201329030112
201329030113
201329030114
201329030115
201329030116
201329030117
201329030118
201329030120
201329030121
201329030122
201329030201
201329030202
201329030203
201329030204
201329030205
201329030206
201329030207
201329030208
201329030209
201329030210
201329030211
201329030212
201329030213
201329030214
201329030215
201329030216
201329030217
201329030218
201329030219
201329030220
201329030221
201229040119
201329040102
201329040103
201329040105
201329040106
201329040107
201329040108
201329040109
201329040110
201329040111
201329040112
201329040113
201329040114
201329040115
201329040116
201329040201
201329040202
201329040204
201329040206
201329040207
201329040208
201329040209
201329040210
201329040211
201329040212
201329040213
201329040214
201329040215
201329060101
201329060103
201329060104
201329060105
201329060106
201329060109
201329060110
201329060112
201329060113
201329060114
201329060115
201329060116
201329060117
201329060118
201329060119
201329060120
201329060121
201329060122
201329060123
201329060124
201329060125
201329080204
201329080101
201329080104
201329080105
201329080106
201329080107
201329080108
201329080109
201329080110
201329080111
201329080112
201329080113
201329080114
201329080115
201329080116
201329080117
201329080118
201329080119
201229080220
201329080201
201329080202
201329080203
201329080206
201329080207
201329080208
201329080210
201329080211
201329080212
201329080213
201329080214
201329080215
201329080216
201329080217
201329080218
201329080219
201329090101
201329090102
201329090104
201329090105
201329090106
201329090107
201329090108
201329090109
201329090110
201329090111
201329090112
201329090113
201329090114
201329090115
201329090116
201329090117
201329090118
201329090119
201329090120
201329090121
201329090122
201329090123
201329090124
201329090125
201329090126
201231020134
201231020222
201331020101
201331020102
201331020103
201331020105
201331020106
201331020107
201331020108
201331020109
201331020110
201331020111
201331020112
201331020113
201331020115
201331020118
201331020119
201331020120
201331020121
201331020122
201331020123
201331020125
201331020126
201331020127
201331020128
201331020129
201231020229
201331020201
201331020202
201331020203
201331020204
201331020205
201331020206
201331020207
201331020208
201331020209
201331020210
201331020211
201331020212
201331020213
201331020214
201331020216
201331020217
201331020218
201331020219
201331020220
201331020221
201331020222
201331020223
201331020224
201331020225
201331020226
201331020227
201331020228
201231020219
201331020301
201331020302
201331020303
201331020304
201331020305
201331020306
201331020308
201331020309
201331020310
201331020311
201331020312
201331020313
201331020314
201331020315
201331020316
201331020317
201331020318
201331020319
201331020320
201331020321
201331020322
201331020323
201331020324
201331020325
201331020326
201331020327
201331020328
201331020401
201331020402
201331020403
201331020404
201331020405
201331020406
201331020407
201331020408
201331020409
201331020410
201331020411
201331020412
201331020413
201331020414
201331020415
201331020416
201331020417
201331020418
201331020419
201331020420
201331020421
201331020422
201331020423
201331020424
201331020425
201331020426
201331020427
201331050102
201331050103
201331050104
201331050105
201331050106
201331050107
201331050108
201331050109
201331050111
201331050112
201331050113
201331050114
201331050115
201331050116
201331050117
201331050118
201331050119
201331050120
201331050121
201331050122
201331050123
201331050124
201331050126
201331050127
201331050201
201331050202
201331050203
201331050204
201331050205
201331050206
201331050207
201331050208
201331050209
201331050210
201331050211
201331050212
201331050213
201331050214
201331050215
201331050216
201331050217
201331050218
201331050219
201331050220
201331050221
201331050222
201331050223
201331050224
201331050225
201331050226
201331020104
201331050301
201331050302
201331050303
201331050304
201331050305
201331050307
201331050308
201331050309
201331050310
201331050311
201331050312
201331050313
201331050314
201331050316
201331050317
201331050318
201331050319
201331050320
201331050321
201331050322
201331050323
201331050325
201331050326
201331050327
201331050328
201331050329

201331050330
201331050331
201331050332
201331050401
201331050403
201331050404
201331050405
201331050406
201331050407
201331050408
201331050409
201331050410
201331050411
201331050413
201331050414
201331050415
201331050417
201331050418
201331050419
201331050420
201331050421
201331050422
201331050423
201331050424
201331050425
201331050426
201331050427
201331050428
201331050429
201331050430
201331050431
201231050509
201231050517
201331050501
201331050502
201331050503
201331050504
201331050505
201331050506
201331050507
201331050508
201331050509
201331050510
201331050511
201331050513
201331050514
201331050515
201331050516
201331050517
201331050518
201331050519
201331050520
201331050521
201331050522
201331050523
201331050524
201331050525
201231060124
201331060101
201331060102
201331060103
201331060104
201331060106
201331060107
201331060108
201331060109
201331060110
201331060111
201331060112
201331060113
201331060114
201331060115
201331060116
201331060117
201331060118
201331060119
201331060120
201331060121
201331060123
201331060124
201331060125
201331060126
201331060127
201331060128
201331060129
201332010101
201332010102
201332010103
201332010104
201332010105
201332010106
201332010107
201332010108
201332010109
201332010110
201332010111
201332010112
201332010113
201332010114
201332010115
201332010116
201332010117
201332010118
201332010119
201332010120
201332010122
201332010123
201332010124
201332010125
201332010126
201332010127
201132010207
201332010201
201332010202
201332010203
201332010205
201332010207
201332010208
201332010209
201332010211
201332010212
201332010213
201332010214
201332010215
201332010217
201332010219
201332010220
201332010221
201332010222
201332010223
201332010224
201332010225
201332010227
201232010427
201332010301
201332010302
201332010303
201332010304
201332010305
201332010306
201332010307
201332010308
201332010309
201332010310
201332010311
201332010312
201332010313
201332010314
201332010315
201332010316
201332010317
201332010318
201332010319
201332010320
201332010321
201332010322
201332010323
201332010324
201332010325
201332010326
201332010327
201332010328
201332010329
201332010330
201232010327
201312030113
201332010401
201332010402
201332010403
201332010404
201332010405
201332010406
201332010408
201332010410
201332010411
201332010412
201332010413
201332010414
201332010415
201332010416
201332010417
201332010418
201332010419
201332010420
201332010421
201332010422
201332010423
201332010424
201332010425
201332010426
201332010427
201332010428
201332010429
201332010430
201332010501
201332010502
201332010503
201332010504
201332010505
201332010506
201332010507
201332010508
201332010509
201332010510
201332010511
201332010512
201332010513
201332010514
201332010515
201332010516
201332010517
201332010518
201332010519
201332010520
201332010521
201332010522
201332010523
201332010524
201332010601
201332010602
201332010603
201332010604
201332010605
201332010606
201332010607
201332010608
201332010609
201332010610
201332010611
201332010612
201332010614
201332010615
201332010616
201332010617
201332010618
201332010619
201332010620
201332010621
201332010622
201332010623
201332010624
201332010625
201332010626
201332010627
201322030109
201326030110
201326040310
201327010210
201332040101
201332040102
201332040103
201332040104
201332040105
201332040106
201332040107
201332040108
201332040109
201332040111
201332040112
201332040113
201332040114
201332040115
201332040116
201332040117
201332040118
201332040119
201332040120
201332040121
201332040122
201332040123
201332040124
201332040125
201232040226
201331020114
201332010218
201332010226
201332040201
201332040202
201332040203
201332040204
201332040205
201332040206
201332040207
201332040208
201332040209
201332040210
201332040211
201332040212
201332040213
201332040214
201332040215
201332040216
201332040217
201332040218
201332040219
201332040220
201332040221
201332040222
201332040223
201332040224
201332040225
201332060220
201232050114
201232050127
201332050101
201332050102
201332050103
201332050104
201332050105
201332050106
201332050107
201332050108
201332050109
201332050111
201332050112
201332050113
201332050114
201332050115
201332050116
201332050117
201332050118
201332050119
201332050120
201332050121
201332050122
201332050123
201232050129
201232050227
201332050201
201332050202
201332050203
201332050204
201332050205
201332050207
201332050208
201332050209
201332050210
201332050211
201332050212
201332050213
201332050214
201332050215
201332050216
201332050217
201332050218
201332050219
201332050220
201332050221
201332050222
201332050223
201327020223
201332060101
201332060102
201332060103
201332060104
201332060105
201332060106
201332060107
201332060108
201332060109
201332060110
201332060111
201332060112
201332060113
201332060114
201332060115
201332060116
201332060117
201332060118
201332060119
201332060120
201332060121
201332060122
201332060123
201332060124
201332060125
201332060201
201332060202
201332060203
201332060204
201332060205
201332060206
201332060207
201332060208
201332060209
201332060210
201332060211
201332060212
201332060213
201332060214
201332060215
201332060216
201332060217
201332060218
201332060219
201332060221
201332060222
201332060223
201332060224
201332060225
201333040101
201333040102
201333040103
201333040104
201333040105
201333040106
201333040107
201333040108
201333040109
201333050101
201333050102
201333050103
201333060101
201333060102
201333060103
201333070101
201333070102
201333070103
201333070104
201333070105
201333070106
201333070107
201333070108
201333080101
201333080102
201333080103
201333080104
201333080105
201333080106
201341010101
201341010102
201341010103
201341010104
201341010105
201341010106
201341010107
201341010108
201341010109
201341010110
201341010111
201341010112
201341010113
201341010114
201341010130
201341010201
201341010202
201341010203
201341010204
201341010205
201341010206
201341010207
201341010208
201341010209
201341010210
201341010211
201341010212
201341010213
201323030301
201325010113
201341010301
201341010302
201341010303
201341010304
201341010305
201341010306
201341010307
201341010308
201341010309
201341010310
201341010311
201341010312
201341010313
201341010401
201341010402
201341010403
201341010404
201341010405
201341010406
201341010407
201341010408
201341010409
201341010410
201341010411
201341010412
201341010413
201341020101
201341020102
201341020103
201341020104
201341020105
201341020106
201341020107
201341020108
201341020109
201341020110
201341020111
201341020112
201341020113
201341020114
201341020201
201341020202
201341020203
201341020204
201341020205
201341020206
201341020207
201341020208
201341020209
201341020210
201341020211
201341020212
201341020213
201341030101
201341030102
201341030103
201341030104
201341030105
201341030106
201341030107
201341030108
201341030109
201341030110
201341030111
201341030112
201341030113
201341030201
201341030202
201341030203
201341030204
201341030205
201341030206
201341030207
201341030208
201341030209
201341030210
201341030211
201341030212
